3,3,3,3,3,3,3,3,3,3,3,3,3,3,3,3,3,3,3,3,3,3,3,3,3,3,3,
3,3,3,3,3,3,3,3,3,3,3,3,3,3,3,3,3,3,3,3,3,3,3,3,3,3,3,
3,3,3,3,3,3,3,3,3,3,3,3,3,3,3,3,3,3,3,3,3,3,3,3,3,3,3,
3,3,3,3,3,3,3,3,3,3,3,3,3,3,3,3,3,3,3,3,3,3,3,3,3,3,3,
1250,1250,1250,1250,1250,1250,1250,1250,1250,1250,1250,1250,1250,1250,1250,1250,1250,1250,1250,1250,1250,1250,1250,1250,1250,1250,1250,
1250,1250,1250,1250,1250,1250,1250,1250,1250,1250,1250,1250,1250,1250,1250,1250,1250,1250,1250,1250,1250,1250,1250,1250,1250,1250,1250,
1250,1250,1250,1250,1250,1250,1250,1250,1250,1250,1250,1250,1250,1250,1250,1250,1250,1250,1250,1250,1250,1250,1250,1250,1250,1250,1250,
1250,1250,1250,1250,1250,1250,1250,1250,1250,1250,1250,1250,1250,1250,1250,1250,1250,1250,1250,1250,1250,1250,1250,1250,1250,1250,1250,
1250,1250,1250,1250,1250,1250,1250,1250,1250,1250,1250,1250,1250,1250,1250,1250,1250,1250,1250,1250,1250,1250,1250,1250,1250,1250,1250,
1250,1250,1250,1250,1250,1250,1250,1250,1250,1250,1250,1250,1250,1250,1250,1250,1250,1250,1250,1250,1250,1250,1250,1250,1250,1250,1250,
1250,1250,1250,1250,1250,1250,1250,1250,1250,1250,1250,1250,1250,1250,1250,1250,1250,1250,1250,1250,1250,1250,1250,1250,1250,1250,1250,
1250,1250,1250,1250,1250,1250,1250,1250,1250,1250,1250,1250,1250,1250,1250,1250,1250,1250,1250,1250,1250,1250,1250,1250,1250,1250,1250,
1250,1250,1250,1250,1250,1250,1250,1250,1250,1250,1250,1250,1250,1250,1250,1250,1250,1250,1250,1250,1250,1250,1250,1250,1250,1250,1250,
1250,1250,1250,1250,1250,1250,1250,1250,1250,1250,1250,1250,1250,1250,1250,1250,1250,1250,1250,1250,1250,1250,1250,1250,1250,1250,1250,
1250,1250,1250,1250,1250,1250,1250,1250,1250,1250,1250,1250,1250,1250,1250,1250,1250,1250,1250,1250,1250,1250,1250,1250,1250,1250,1250,
1250,1250,1250,1250,1250,1250,1250,1250,1250,1250,1250,1250,1250,1250,1250,1250,1250,1250,1250,1250,1250,1250,1250,1250,1250,1250,1250